The pressure of 7000 moles of gas between 10 - 100 Kelvins and 12 - 25 cubic metres, measured in kilopascals
  p(T, V) |       10       20       30       40       50       60       70       80       90      100
-----------------------------------------------------------------------------------------------------
       12 |    48.50    97.00   145.50   194.00   242.51   291.01   339.51   388.01   436.51   485.01
       13 |    44.77    89.54   134.31   179.08   223.85   268.62   313.39   358.16   402.93   447.70
       14 |    41.57    83.14   124.72   166.29   207.86   249.43   291.01   332.58   374.15   415.72
       15 |    38.80    77.60   116.40   155.20   194.00   232.80   271.61   310.41   349.21   388.01
       16 |    36.38    72.75   109.13   145.50   181.88   218.25   254.63   291.01   327.38   363.76
       17 |    34.24    68.47   102.71   136.94   171.18   205.42   239.65   273.89   308.12   342.36
       18 |    32.33    64.67    97.00   129.34   161.67   194.00   226.34   258.67   291.01   323.34
       19 |    30.63    61.26    91.90   122.53   153.16   183.79   214.43   245.06   275.69   306.32
       20 |    29.10    58.20    87.30   116.40   145.50   174.60   203.70   232.80   261.91   291.01
       21 |    27.71    55.43    83.14   110.86   138.57   166.29   194.00   221.72   249.43   277.15
       22 |    26.46    52.91    79.37   105.82   132.28   158.73   185.19   211.64   238.10   264.55
       23 |    25.30    50.61    75.91   101.22   126.52   151.83   177.13   202.44   227.74   253.05
       24 |    24.25    48.50    72.75    97.00   121.25   145.50   169.75   194.00   218.25   242.51
       25 |    23.28    46.56    69.84    93.12   116.40   139.68   162.96   186.24   209.52   232.80
